{"times": [{"name": 0, "matrix": [[1.0, 0.8456167076816637, 0.8059317438138498, 0.22223385275381868, 0.6191615712228185, 0.8241388552976339], [0.8456167076816637, 1.0, 0.9245453775300705, 0.5433501105518859, 0.8727792581814161, 0.9363791263059797], [0.8059317438138498, 0.9245453775300705, 1.0, 0.23439583971129413, 0.6479206519286307, 0.8526773288703251], [0.22223385275381868, 0.5433501105518859, 0.23439583971129413, 1.0, 0.7940092903696574, 0.44281041789495373], [0.6191615712228185, 0.8727792581814161, 0.6479206519286307, 0.7940092903696574, 1.0, 0.8819305961428935], [0.8241388552976339, 0.9363791263059797, 0.8526773288703251, 0.44281041789495373, 0.8819305961428935, 1.0]]}, {"name": 1, "matrix": [[1.0, 0.8697948869168575, 0.7749133735060517, 0.5097489623912799, 0.781385646684938, 0.8448829678629154], [0.8697948869168575, 1.0, 0.950752538405808, 0.71170324699852, 0.9344422366421478, 0.9363629865933512], [0.7749133735060517, 0.950752538405808, 1.0, 0.5304158274357573, 0.8081269080618636, 0.8418144690280481], [0.5097489623912799, 0.71170324699852, 0.5304158274357573, 1.0, 0.8089828006561625, 0.6534929565134763], [0.781385646684938, 0.9344422366421478, 0.8081269080618636, 0.8089828006561625, 1.0, 0.9710980761989648], [0.8448829678629154, 0.9363629865933512, 0.8418144690280481, 0.6534929565134763, 0.9710980761989648, 1.0]]}, {"name": 2, "matrix": [[1.0, 0.8711881844769686, 0.4890155562981823, 0.7950520422080525, 0.8172424870845756, 0.850311940910586], [0.8711881844769686, 1.0, 0.7416555748131141, 0.9080838003309837, 0.9088423962466939, 0.9405199281645314], [0.4890155562981823, 0.7416555748131141, 1.0, 0.4322530687063707, 0.4202083402457309, 0.5445454276011795], [0.7950520422080525, 0.9080838003309837, 0.4322530687063707, 1.0, 0.9883436305845078, 0.9507686160839883], [0.8172424870845756, 0.9088423962466939, 0.4202083402457309, 0.9883436305845078, 1.0, 0.9705431666896431], [0.850311940910586, 0.9405199281645314, 0.5445454276011795, 0.9507686160839883, 0.9705431666896431, 1.0]]}, {"name": 3, "matrix": [[1.0, 0.904403491202899, 0.36111415699073984, 0.8616197830653199, 0.8632124533473163, 0.8892052681772744], [0.904403491202899, 1.0, 0.5924502749254441, 0.9447232633926467, 0.9305972194353798, 0.9485228396610085], [0.36111415699073984, 0.5924502749254441, 1.0, 0.3335161243199073, 0.2830567587982686, 0.34537030145789427], [0.8616197830653199, 0.9447232633926467, 0.3335161243199073, 1.0, 0.9927479572264213, 0.9878532343917167], [0.8632124533473163, 0.9305972194353798, 0.2830567587982686, 0.9927479572264213, 1.0, 0.989096363926054], [0.8892052681772744, 0.9485228396610085, 0.34537030145789427, 0.9878532343917167, 0.989096363926054, 1.0]]}, {"name": 4, "matrix": [[1.0, 0.9489103932631511, 0.4147336405161957, 0.9221748644957605, 0.8997741254487895, 0.9382101331436054], [0.9489103932631511, 1.0, 0.5587625437423425, 0.9571721592528968, 0.9402597534536244, 0.9617416067983948], [0.4147336405161957, 0.5587625437423425, 1.0, 0.35303584041665403, 0.26806697180076833, 0.33174309600853435], [0.9221748644957605, 0.9571721592528968, 0.35303584041665403, 1.0, 0.9670966280789798, 0.9853870779979874], [0.8997741254487895, 0.9402597534536244, 0.26806697180076833, 0.9670966280789798, 1.0, 0.9858027158489057], [0.9382101331436054, 0.9617416067983948, 0.33174309600853435, 0.9853870779979874, 0.9858027158489057, 1.0]]}, {"name": 5, "matrix": [[1.0, 0.9883551137816112, 0.4064102162426007, 0.9699727425906771, 0.9603911353916861, 0.9681144562151257], [0.9883551137816112, 1.0, 0.47855991691399324, 0.9672623952189999, 0.9545492163824014, 0.9713281496891726], [0.4064102162426007, 0.47855991691399324, 1.0, 0.28400817077552415, 0.20987269255640564, 0.27526398841898453], [0.9699727425906771, 0.9672623952189999, 0.28400817077552415, 1.0, 0.973599054632183, 0.991477988737995], [0.9603911353916861, 0.9545492163824014, 0.20987269255640564, 0.973599054632183, 1.0, 0.9899573191327468], [0.9681144562151257, 0.9713281496891726, 0.27526398841898453, 0.991477988737995, 0.9899573191327468, 1.0]]}, {"name": 6, "matrix": [[1.0, 0.9885137442762024, 0.42177145418103196, 0.9848003200820454, 0.974676487653918, 0.979627706908348], [0.9885137442762024, 1.0, 0.5018193862888272, 0.9826151086088737, 0.9730733091935437, 0.9826210905037108], [0.42177145418103196, 0.5018193862888272, 1.0, 0.3831874957409034, 0.42714582918979704, 0.3505971559284388], [0.9848003200820454, 0.9826151086088737, 0.3831874957409034, 1.0, 0.9532221887794813, 0.9906362265916631], [0.974676487653918, 0.9730733091935437, 0.42714582918979704, 0.9532221887794813, 1.0, 0.9634224261637566], [0.979627706908348, 0.9826210905037108, 0.3505971559284388, 0.9906362265916631, 0.9634224261637566, 1.0]]}, {"name": 7, "matrix": [[1.0, 0.972575943901849, 0.6230814607866815, 0.9652047877626162, 0.9661649408562533, 0.9059795591068595], [0.972575943901849, 1.0, 0.547897834557217, 0.9835067653770303, 0.9656731723195183, 0.9725018731287336], [0.6230814607866815, 0.547897834557217, 1.0, 0.4872502233391755, 0.631074594190728, 0.3582974888242688], [0.9652047877626162, 0.9835067653770303, 0.4872502233391755, 1.0, 0.9318823935497397, 0.9698703746591016], [0.9661649408562533, 0.9656731723195183, 0.631074594190728, 0.9318823935497397, 1.0, 0.9002881934262864], [0.9059795591068595, 0.9725018731287336, 0.3582974888242688, 0.9698703746591016, 0.9002881934262864, 1.0]]}, {"name": 8, "matrix": [[1.0, 0.938917234162046, 0.678625355726401, 0.92025688977281, 0.9141435093551057, 0.8051239309137602], [0.938917234162046, 1.0, 0.4643004977312402, 0.973296498573366, 0.9436178659850354, 0.95065695393263], [0.678625355726401, 0.4643004977312402, 1.0, 0.38087012031423045, 0.5234678508197669, 0.17507102677292824], [0.92025688977281, 0.973296498573366, 0.38087012031423045, 1.0, 0.8915625059330411, 0.9504893554867792], [0.9141435093551057, 0.9436178659850354, 0.5234678508197669, 0.8915625059330411, 1.0, 0.8490383176265223], [0.8051239309137602, 0.95065695393263, 0.17507102677292824, 0.9504893554867792, 0.8490383176265223, 1.0]]}, {"name": 9, "matrix": [[1.0, 0.85287627753799, 0.643060382884948, 0.8146688066509358, 0.7623685598909884, 0.49667225179903535], [0.85287627753799, 1.0, 0.48735693376734585, 0.9214680376282962, 0.7634409307116623, 0.8019262946597437], [0.643060382884948, 0.48735693376734585, 1.0, 0.22529524818727936, 0.3287637933822254, -0.11528940054636692], [0.8146688066509358, 0.9214680376282962, 0.22529524818727936, 1.0, 0.724276989865691, 0.879173659369279], [0.7623685598909884, 0.7634409307116623, 0.3287637933822254, 0.724276989865691, 1.0, 0.5628367104551858], [0.49667225179903535, 0.8019262946597437, -0.11528940054636692, 0.879173659369279, 0.5628367104551858, 1.0]]}, {"name": 10, "matrix": [[1.0, 0.8242111935633742, 0.7842137260100052, 0.5128021522775247, 0.4868944000366763, -0.09563253146654285], [0.8242111935633742, 1.0, 0.7617333594959343, 0.619369614314227, 0.5469813358907385, 0.2661809860722466], [0.7842137260100052, 0.7617333594959343, 1.0, 0.17320127695521356, 0.2232957052323935, -0.36355628907756843], [0.5128021522775247, 0.619369614314227, 0.17320127695521356, 1.0, 0.6680059149049146, 0.6975102420287703], [0.4868944000366763, 0.5469813358907385, 0.2232957052323935, 0.6680059149049146, 1.0, 0.39761291747759264], [-0.09563253146654285, 0.2661809860722466, -0.36355628907756843, 0.6975102420287703, 0.39761291747759264, 1.0]]}, {"name": 11, "matrix": [[1.0, 0.9347789461889913, 0.6946065735143699, 0.8353730355868048, 0.7296822471511997, 0.6650947144354239], [0.9347789461889913, 1.0, 0.6918074294154958, 0.8532945843457972, 0.7610336780125767, 0.804524327187993], [0.6946065735143699, 0.6918074294154958, 1.0, 0.6245575891621611, 0.3321034008104323, 0.17529413559281526], [0.8353730355868048, 0.8532945843457972, 0.6245575891621611, 1.0, 0.9067463964853959, 0.7218491198830279], [0.7296822471511997, 0.7610336780125767, 0.3321034008104323, 0.9067463964853959, 1.0, 0.7732907569336089], [0.6650947144354239, 0.804524327187993, 0.17529413559281526, 0.7218491198830279, 0.7732907569336089, 1.0]]}, {"name": 12, "matrix": [[1.0, 0.972001916749239, 0.772948993986958, 0.9421588574650016, 0.9164255862132402, 0.9393421155322744], [0.972001916749239, 1.0, 0.7997551409351541, 0.9588036605539344, 0.9306588638471657, 0.9789401060725826], [0.772948993986958, 0.7997551409351541, 1.0, 0.7787637296439937, 0.6540902447346432, 0.6827941347405765], [0.9421588574650016, 0.9588036605539344, 0.7787637296439937, 1.0, 0.9728614684269071, 0.9504164185149722], [0.9164255862132402, 0.9306588638471657, 0.6540902447346432, 0.9728614684269071, 1.0, 0.9429180341697634], [0.9393421155322744, 0.9789401060725826, 0.6827941347405765, 0.9504164185149722, 0.9429180341697634, 1.0]]}, {"name": 13, "matrix": [[1.0, 0.9851273250149649, 0.8580087068003566, 0.967302212649502, 0.9533897741919951, 0.9776277410441758], [0.9851273250149649, 1.0, 0.8941256459266231, 0.9787763372688758, 0.9628522975633257, 0.9943162841533845], [0.8580087068003566, 0.8941256459266231, 1.0, 0.8616148237206365, 0.7771934700177449, 0.859298582446391], [0.967302212649502, 0.9787763372688758, 0.8616148237206365, 1.0, 0.9852885346287726, 0.985742665756987], [0.9533897741919951, 0.9628522975633257, 0.7771934700177449, 0.9852885346287726, 1.0, 0.9780031861883725], [0.9776277410441758, 0.9943162841533845, 0.859298582446391, 0.985742665756987, 0.9780031861883725, 1.0]]}, {"name": 14, "matrix": [[1.0, 0.9935634196725603, 0.8894285743530725, 0.9839999123588092, 0.9894902086424787, 0.9949874705897636], [0.9935634196725603, 1.0, 0.9338575053663826, 0.9853145699604922, 0.9832780495662053, 0.996745598211076], [0.8894285743530725, 0.9338575053663826, 1.0, 0.9100654674307972, 0.8801085135298771, 0.9190352612198047], [0.9839999123588092, 0.9853145699604922, 0.9100654674307972, 1.0, 0.9938393679890636, 0.9924330557344009], [0.9894902086424787, 0.9832780495662053, 0.8801085135298771, 0.9938393679890636, 1.0, 0.9877657544705339], [0.9949874705897636, 0.996745598211076, 0.9190352612198047, 0.9924330557344009, 0.9877657544705339, 1.0]]}, {"name": 15, "matrix": [[1.0, 0.9949700070400749, 0.9089173169499026, 0.9871744464606872, 0.9946964895397062, 0.9960170647666303], [0.9949700070400749, 1.0, 0.9433601593416561, 0.9921529087314682, 0.9930104733071125, 0.9967799199280175], [0.9089173169499026, 0.9433601593416561, 1.0, 0.9406865612306797, 0.9250935547423771, 0.9314611246348213], [0.9871744464606872, 0.9921529087314682, 0.9406865612306797, 1.0, 0.9916591188819693, 0.9962251695215911], [0.9946964895397062, 0.9930104733071125, 0.9250935547423771, 0.9916591188819693, 1.0, 0.996961374588573], [0.9960170647666303, 0.9967799199280175, 0.9314611246348213, 0.9962251695215911, 0.996961374588573, 1.0]]}, {"name": 16, "matrix": [[1.0, 0.9934694635782241, 0.9004374441072504, 0.9876861634506153, 0.9950126315320562, 0.9957956582187343], [0.9934694635782241, 1.0, 0.9411671327908848, 0.9962540530931306, 0.9932360583798326, 0.9965014304472445], [0.9004374441072504, 0.9411671327908848, 1.0, 0.9452475255665491, 0.9201521627488252, 0.9261351431288828], [0.9876861634506153, 0.9962540530931306, 0.9452475255665491, 1.0, 0.9912671631841851, 0.9970869005129224], [0.9950126315320562, 0.9932360583798326, 0.9201521627488252, 0.9912671631841851, 1.0, 0.9971291073818636], [0.9957956582187343, 0.9965014304472445, 0.9261351431288828, 0.9970869005129224, 0.9971291073818636, 1.0]]}, {"name": 17, "matrix": [[1.0, 0.9826613881347706, 0.931477314582216, 0.9977124166895819, 0.9960280059650201, 0.9963602813269483], [0.9826613881347706, 1.0, 0.9763939310684893, 0.9910247634698253, 0.9837427611108229, 0.9926927911174089], [0.931477314582216, 0.9763939310684893, 1.0, 0.9479178915548863, 0.9390393687590374, 0.9494884845860865], [0.9977124166895819, 0.9910247634698253, 0.9479178915548863, 1.0, 0.9933913310957777, 0.9979573628531684], [0.9960280059650201, 0.9837427611108229, 0.9390393687590374, 0.9933913310957777, 1.0, 0.9956043754106639], [0.9963602813269483, 0.9926927911174089, 0.9494884845860865, 0.9979573628531684, 0.9956043754106639, 1.0]]}, {"name": 18, "matrix": [[1.0, 0.94252803492441, 0.8796068129524767, 0.9847067487025107, 0.9923596277071006, 0.9796358086612175], [0.94252803492441, 1.0, 0.97903350439493, 0.9801139659036711, 0.9491120259608133, 0.9849521630697498], [0.8796068129524767, 0.97903350439493, 1.0, 0.9315862961721629, 0.9039175627259677, 0.9385358823290149], [0.9847067487025107, 0.9801139659036711, 0.9315862961721629, 1.0, 0.9782899085245804, 0.995753764077528], [0.9923596277071006, 0.9491120259608133, 0.9039175627259677, 0.9782899085245804, 1.0, 0.9802171866813569], [0.9796358086612175, 0.9849521630697498, 0.9385358823290149, 0.995753764077528, 0.9802171866813569, 1.0]]}, {"name": 19, "matrix": [[1.0, 0.9243977814681352, 0.7893954279531463, 0.984652311342042, 0.9919520062502296, 0.977970171446138], [0.9243977814681352, 1.0, 0.9497287564627832, 0.9665584814269158, 0.9257327998668545, 0.9747315418736375], [0.7893954279531463, 0.9497287564627832, 1.0, 0.8504653695342771, 0.8111787166511155, 0.867481893384411], [0.984652311342042, 0.9665584814269158, 0.8504653695342771, 1.0, 0.9742257719197459, 0.9947388036724467], [0.9919520062502296, 0.9257327998668545, 0.8111787166511155, 0.9742257719197459, 1.0, 0.9763288757500698], [0.977970171446138, 0.9747315418736375, 0.867481893384411, 0.9947388036724467, 0.9763288757500698, 1.0]]}, {"name": 20, "matrix": [[1.0, 0.9343014492978908, 0.8220639682611973, 0.9618203068709068, 0.963022509378622, 0.942503647711449], [0.9343014492978908, 1.0, 0.9355639278530896, 0.9780102816284114, 0.9607694335226232, 0.9776465975700112], [0.8220639682611973, 0.9355639278530896, 1.0, 0.8510848603363209, 0.8342172810816587, 0.8498967055055998], [0.9618203068709068, 0.9780102816284114, 0.8510848603363209, 1.0, 0.9889464770245718, 0.9954275539213162], [0.963022509378622, 0.9607694335226232, 0.8342172810816587, 0.9889464770245718, 1.0, 0.9903973356264246], [0.942503647711449, 0.9776465975700112, 0.8498967055055998, 0.9954275539213162, 0.9903973356264246, 1.0]]}, {"name": 21, "matrix": [[1.0, 0.9499916825798611, 0.734166994947137, 0.9642918790443115, 0.9698282106558392, 0.9479495979900641], [0.9499916825798611, 1.0, 0.7797531403365475, 0.9856120693863536, 0.9801200805405891, 0.9856945646797407], [0.734166994947137, 0.7797531403365475, 1.0, 0.6976091145551536, 0.7214385890928628, 0.6904494000809422], [0.9642918790443115, 0.9856120693863536, 0.6976091145551536, 1.0, 0.9938599378952893, 0.9969092557769332], [0.9698282106558392, 0.9801200805405891, 0.7214385890928628, 0.9938599378952893, 1.0, 0.9929086095974925], [0.9479495979900641, 0.9856945646797407, 0.6904494000809422, 0.9969092557769332, 0.9929086095974925, 1.0]]}, {"name": 22, "matrix": [[1.0, 0.9717651601720305, 0.6319038557326572, 0.9647740044002402, 0.9544351357697934, 0.9474681106304976], [0.9717651601720305, 1.0, 0.6556161432179999, 0.9881375966986933, 0.9806595071396823, 0.9874958547432083], [0.6319038557326572, 0.6556161432179999, 1.0, 0.6373995332109347, 0.700486072606407, 0.6414391365418916], [0.9647740044002402, 0.9881375966986933, 0.6373995332109347, 1.0, 0.9936619261258196, 0.9972494028672696], [0.9544351357697934, 0.9806595071396823, 0.700486072606407, 0.9936619261258196, 1.0, 0.9930987309907637], [0.9474681106304976, 0.9874958547432083, 0.6414391365418916, 0.9972494028672696, 0.9930987309907637, 1.0]]}, {"name": 23, "matrix": [[1.0, 0.9832665184303429, 0.5906998084284865, 0.9659136314475233, 0.9639378201867885, 0.9484884434569006], [0.9832665184303429, 1.0, 0.5969891319499798, 0.9906412979653472, 0.9863702522708055, 0.9853485796303901], [0.5906998084284865, 0.5969891319499798, 1.0, 0.6234799366177622, 0.6574650010494105, 0.6297356520868187], [0.9659136314475233, 0.9906412979653472, 0.6234799366177622, 1.0, 0.9935838377831017, 0.9974310293226262], [0.9639378201867885, 0.9863702522708055, 0.6574650010494105, 0.9935838377831017, 1.0, 0.9905663378546421], [0.9484884434569006, 0.9853485796303901, 0.6297356520868187, 0.9974310293226262, 0.9905663378546421, 1.0]]}, {"name": 24, "matrix": [[1.0, 0.9828595215032824, 0.38858179201505433, 0.9569540297455386, 0.9524528231872071, 0.925225967759839], [0.9828595215032824, 1.0, 0.4290456132805409, 0.9932174132286379, 0.9877039895790586, 0.9788128324912233], [0.38858179201505433, 0.4290456132805409, 1.0, 0.45348372142782345, 0.4994145070645691, 0.4879383158849875], [0.9569540297455386, 0.9932174132286379, 0.45348372142782345, 1.0, 0.9921560783710288, 0.9938914770431075], [0.9524528231872071, 0.9877039895790586, 0.4994145070645691, 0.9921560783710288, 1.0, 0.9870421075468523], [0.925225967759839, 0.9788128324912233, 0.4879383158849875, 0.9938914770431075, 0.9870421075468523, 1.0]]}, {"name": 25, "matrix": [[1.0, 0.9676921884759444, -0.3178853602807005, 0.8844102397190099, 0.8642782722846136, 0.8172680977847866], [0.9676921884759444, 1.0, -0.280158057808456, 0.9523618302662702, 0.9294018459814537, 0.9202955825040655], [-0.3178853602807005, -0.280158057808456, 1.0, -0.3097206705328688, -0.2814517119143315, -0.2736054057328768], [0.8844102397190099, 0.9523618302662702, -0.3097206705328688, 1.0, 0.9834546088141456, 0.9872867179865448], [0.8642782722846136, 0.9294018459814537, -0.2814517119143315, 0.9834546088141456, 1.0, 0.9694479546947886], [0.8172680977847866, 0.9202955825040655, -0.2736054057328768, 0.9872867179865448, 0.9694479546947886, 1.0]]}, {"name": 26, "matrix": [[1.0, 0.9612052276622527, -0.5417653140769462, 0.7920121857130654, 0.6786320368168053, 0.6507803664810996], [0.9612052276622527, 1.0, -0.6319607700908834, 0.8808576677023399, 0.790392158224087, 0.7957828380183944], [-0.5417653140769462, -0.6319607700908834, 1.0, -0.7777761422588189, -0.6334288254816071, -0.7832258623151009], [0.7920121857130654, 0.8808576677023399, -0.7777761422588189, 1.0, 0.9559195856782505, 0.9676566437929749], [0.6786320368168053, 0.790392158224087, -0.6334288254816071, 0.9559195856782505, 1.0, 0.9481207748009833], [0.6507803664810996, 0.7957828380183944, -0.7832258623151009, 0.9676566437929749, 0.9481207748009833, 1.0]]}, {"name": 27, "matrix": [[1.0, 0.9057164372897618, -0.425047213439534, 0.6602179831148429, 0.5551825303126217, 0.44488018527910106], [0.9057164372897618, 1.0, -0.4662507906603299, 0.8593710441745819, 0.7811846208507693, 0.7440899053151658], [-0.425047213439534, -0.4662507906603299, 1.0, -0.6220150846460496, -0.49106671791300704, -0.5502430972648471], [0.6602179831148429, 0.8593710441745819, -0.6220150846460496, 1.0, 0.962275959399939, 0.9535603648414748], [0.5551825303126217, 0.7811846208507693, -0.49106671791300704, 0.962275959399939, 1.0, 0.9402041187060391], [0.44488018527910106, 0.7440899053151658, -0.5502430972648471, 0.9535603648414748, 0.9402041187060391, 1.0]]}, {"name": 28, "matrix": [[1.0, 0.9458878276967013, 0.13426886173629346, 0.8248659629324465, 0.7991452832645448, 0.7801721359576558], [0.9458878276967013, 1.0, 0.026263024751137103, 0.9196969952157117, 0.8908675584380478, 0.9236985543233625], [0.13426886173629346, 0.026263024751137103, 1.0, -0.35064867539762445, -0.3670804053370067, -0.27319956472806467], [0.8248659629324465, 0.9196969952157117, -0.35064867539762445, 1.0, 0.9838400142368775, 0.9696249602920352], [0.7991452832645448, 0.8908675584380478, -0.3670804053370067, 0.9838400142368775, 1.0, 0.9406764094886002], [0.7801721359576558, 0.9236985543233625, -0.27319956472806467, 0.9696249602920352, 0.9406764094886002, 1.0]]}, {"name": 29, "matrix": [[1.0, 0.9878654012665707, -0.20658926189813612, 0.9327164217153694, 0.9229298880583152, 0.9630997978842458], [0.9878654012665707, 1.0, -0.20873296406310227, 0.950829352896799, 0.9371875010484275, 0.9835153632207466], [-0.20658926189813612, -0.20873296406310227, 1.0, -0.44782881398475155, -0.4604235394822601, -0.35177653215216154], [0.9327164217153694, 0.950829352896799, -0.44782881398475155, 1.0, 0.9888903939595199, 0.9823500969237033], [0.9229298880583152, 0.9371875010484275, -0.4604235394822601, 0.9888903939595199, 1.0, 0.9653915851653402], [0.9630997978842458, 0.9835153632207466, -0.35177653215216154, 0.9823500969237033, 0.9653915851653402, 1.0]]}, {"name": 30, "matrix": [[1.0, 0.9921776648302045, -0.5436358225486052, 0.9534334815568544, 0.9446382180829404, 0.9824029890555459], [0.9921776648302045, 1.0, -0.5299453033999377, 0.9636723797688237, 0.9540411480152068, 0.9918695610870386], [-0.5436358225486052, -0.5299453033999377, 1.0, -0.61793527529372, -0.6516318063504111, -0.5884070204488969], [0.9534334815568544, 0.9636723797688237, -0.61793527529372, 1.0, 0.992896952944958, 0.9874403184472728], [0.9446382180829404, 0.9540411480152068, -0.6516318063504111, 0.992896952944958, 1.0, 0.9802772842417694], [0.9824029890555459, 0.9918695610870386, -0.5884070204488969, 0.9874403184472728, 0.9802772842417694, 1.0]]}, {"name": 31, "matrix": [[1.0, 0.9924862097552823, -0.5917480403067987, 0.9540497364310639, 0.9581215095004797, 0.9870953598483282], [0.9924862097552823, 1.0, -0.5785725546027186, 0.9598219659493873, 0.9606577451434062, 0.9935953697886237], [-0.5917480403067987, -0.5785725546027186, 1.0, -0.6267892679420815, -0.6871817536406438, -0.618670923991901], [0.9540497364310639, 0.9598219659493873, -0.6267892679420815, 1.0, 0.9910269458716126, 0.9832441178351755], [0.9581215095004797, 0.9606577451434062, -0.6871817536406438, 0.9910269458716126, 1.0, 0.9798153498526068], [0.9870953598483282, 0.9935953697886237, -0.618670923991901, 0.9832441178351755, 0.9798153498526068, 1.0]]}, {"name": 32, "matrix": [[1.0, 0.9895866068433511, -0.45867452027795397, 0.9694397048016433, 0.9685959562840448, 0.9847032847050666], [0.9895866068433511, 1.0, -0.4472521668737778, 0.980790255707203, 0.9719427088293087, 0.9924135311440425], [-0.45867452027795397, -0.4472521668737778, 1.0, -0.48278446851028595, -0.563264874965746, -0.4809531059285842], [0.9694397048016433, 0.980790255707203, -0.48278446851028595, 1.0, 0.9820541571945164, 0.9965321697011728], [0.9685959562840448, 0.9719427088293087, -0.563264874965746, 0.9820541571945164, 1.0, 0.9863008083363555], [0.9847032847050666, 0.9924135311440425, -0.4809531059285842, 0.9965321697011728, 0.9863008083363555, 1.0]]}, {"name": 33, "matrix": [[1.0, 0.9923528533091235, -0.3916180850350105, 0.9595721938384759, 0.9585255456549348, 0.9755086189206169], [0.9923528533091235, 1.0, -0.40669923562080773, 0.9747364534045336, 0.9546755230770644, 0.982479071865181], [-0.3916180850350105, -0.40669923562080773, 1.0, -0.40808706760548197, -0.4966557345949736, -0.3848738733188152], [0.9595721938384759, 0.9747364534045336, -0.40808706760548197, 1.0, 0.9767810087145843, 0.9935018250222041], [0.9585255456549348, 0.9546755230770644, -0.4966557345949736, 0.9767810087145843, 1.0, 0.9817999751712945], [0.9755086189206169, 0.982479071865181, -0.3848738733188152, 0.9935018250222041, 0.9817999751712945, 1.0]]}, {"name": 34, "matrix": [[1.0, 0.9906700484218115, -0.47912128688403893, 0.9352541871118267, 0.9212263065286348, 0.9564736403911691], [0.9906700484218115, 1.0, -0.4741142482577426, 0.9153684005383533, 0.90519728014665, 0.9530095852383188], [-0.47912128688403893, -0.4741142482577426, 1.0, -0.5913437903088103, -0.6169772215480037, -0.46110184205572463], [0.9352541871118267, 0.9153684005383533, -0.5913437903088103, 1.0, 0.9863991428122038, 0.9709923558191222], [0.9212263065286348, 0.90519728014665, -0.6169772215480037, 0.9863991428122038, 1.0, 0.9703348562748975], [0.9564736403911691, 0.9530095852383188, -0.46110184205572463, 0.9709923558191222, 0.9703348562748975, 1.0]]}, {"name": 35, "matrix": [[1.0, 0.9909110824743257, 0.09014923412071307, 0.9712888901108994, 0.9522909826627596, 0.9489555007977879], [0.9909110824743257, 1.0, 0.0891774888537582, 0.9688055920512415, 0.9500934767236934, 0.9471512959252899], [0.09014923412071307, 0.0891774888537582, 1.0, 0.09202792045729569, -0.025053586055688852, 0.06941644201048633], [0.9712888901108994, 0.9688055920512415, 0.09202792045729569, 1.0, 0.9817029151009637, 0.9840755666370474], [0.9522909826627596, 0.9500934767236934, -0.025053586055688852, 0.9817029151009637, 1.0, 0.9903021693047173], [0.9489555007977879, 0.9471512959252899, 0.06941644201048633, 0.9840755666370474, 0.9903021693047173, 1.0]]}, {"name": 36, "matrix": [[1.0, 0.9693220747015071, 0.3560833499607132, 0.9645755855254636, 0.957988615077641, 0.9284762757871668], [0.9693220747015071, 1.0, 0.42854058775727766, 0.9832181886154333, 0.9787378115119494, 0.9744199102905325], [0.3560833499607132, 0.42854058775727766, 1.0, 0.4171810648176114, 0.38231267849354383, 0.46063481727148375], [0.9645755855254636, 0.9832181886154333, 0.4171810648176114, 1.0, 0.9963893217963173, 0.9881652631859983], [0.957988615077641, 0.9787378115119494, 0.38231267849354383, 0.9963893217963173, 1.0, 0.9899737373519044], [0.9284762757871668, 0.9744199102905325, 0.46063481727148375, 0.9881652631859983, 0.9899737373519044, 1.0]]}, {"name": 37, "matrix": [[1.0, 0.9741155744871277, 0.22678414605801864, 0.974956250998935, 0.9742084320162449, 0.9423504058194522], [0.9741155744871277, 1.0, 0.2865984296172319, 0.9898072170293519, 0.989461192556907, 0.9811760953426355], [0.22678414605801864, 0.2865984296172319, 1.0, 0.28624592084233585, 0.26294353414934646, 0.30400265996592857], [0.974956250998935, 0.9898072170293519, 0.28624592084233585, 1.0, 0.9979931710955274, 0.9890611189120052], [0.9742084320162449, 0.989461192556907, 0.26294353414934646, 0.9979931710955274, 1.0, 0.9904959649251831], [0.9423504058194522, 0.9811760953426355, 0.30400265996592857, 0.9890611189120052, 0.9904959649251831, 1.0]]}, {"name": 38, "matrix": [[1.0, 0.9787479244822347, 0.5829550373481159, 0.9803619749789951, 0.9753247543173507, 0.9482628322213742], [0.9787479244822347, 1.0, 0.6175588343356193, 0.9919298651603051, 0.9903105437160058, 0.9829649655601679], [0.5829550373481159, 0.6175588343356193, 1.0, 0.6296079790367449, 0.5841151662332135, 0.6012453788753802], [0.9803619749789951, 0.9919298651603051, 0.6296079790367449, 1.0, 0.9971708225499502, 0.9896775980885671], [0.9753247543173507, 0.9903105437160058, 0.5841151662332135, 0.9971708225499502, 1.0, 0.9920978436230944], [0.9482628322213742, 0.9829649655601679, 0.6012453788753802, 0.9896775980885671, 0.9920978436230944, 1.0]]}, {"name": 39, "matrix": [[1.0, 0.9727189742541745, 0.7830088910646452, 0.9828623144656112, 0.9781565699261777, 0.9599342696722022], [0.9727189742541745, 1.0, 0.8614729788058935, 0.9978144914362432, 0.9945045510764574, 0.9792711733703114], [0.7830088910646452, 0.8614729788058935, 1.0, 0.8300672900069686, 0.8065529369529785, 0.7639089317362305], [0.9828623144656112, 0.9978144914362432, 0.8300672900069686, 1.0, 0.9980743174606215, 0.9850673699121747], [0.9781565699261777, 0.9945045510764574, 0.8065529369529785, 0.9980743174606215, 1.0, 0.9883062546180793], [0.9599342696722022, 0.9792711733703114, 0.7639089317362305, 0.9850673699121747, 0.9883062546180793, 1.0]]}, {"name": 40, "matrix": [[1.0, 0.9411399282570078, 0.816660795175709, 0.9753519535544847, 0.9662847519842781, 0.9499048580608707], [0.9411399282570078, 1.0, 0.9298394178278943, 0.986151419609662, 0.9863395235044284, 0.9640180945991511], [0.816660795175709, 0.9298394178278943, 1.0, 0.8781667824989041, 0.8691696481155735, 0.8108966056593818], [0.9753519535544847, 0.986151419609662, 0.8781667824989041, 1.0, 0.997964082457757, 0.9828529008020297], [0.9662847519842781, 0.9863395235044284, 0.8691696481155735, 0.997964082457757, 1.0, 0.9872100475628288], [0.9499048580608707, 0.9640180945991511, 0.8108966056593818, 0.9828529008020297, 0.9872100475628288, 1.0]]}, {"name": 41, "matrix": [[1.0, 0.9093691649200717, 0.8853399426986512, 0.956157087617882, 0.9342893726412556, 0.9020021214430417], [0.9093691649200717, 1.0, 0.9706833515661133, 0.9375452353861635, 0.9472681020880872, 0.9407068415789928], [0.8853399426986512, 0.9706833515661133, 1.0, 0.8995616947546555, 0.9053027251466692, 0.8614327150528379], [0.956157087617882, 0.9375452353861635, 0.8995616947546555, 1.0, 0.9968029118343695, 0.9646577170479839], [0.9342893726412556, 0.9472681020880872, 0.9053027251466692, 0.9968029118343695, 1.0, 0.9720192303061491], [0.9020021214430417, 0.9407068415789928, 0.8614327150528379, 0.9646577170479839, 0.9720192303061491, 1.0]]}, {"name": 42, "matrix": [[1.0, 0.896100924222189, 0.8622572093667682, 0.9262385386095433, 0.9140420669211884, 0.8429476289818824], [0.896100924222189, 1.0, 0.9618897115816625, 0.9086070048366627, 0.9386339694586617, 0.9220088733254935], [0.8622572093667682, 0.9618897115816625, 1.0, 0.8698351235060902, 0.8863909613126285, 0.8214639345874011], [0.9262385386095433, 0.9086070048366627, 0.8698351235060902, 1.0, 0.988234037261774, 0.9451691614228613], [0.9140420669211884, 0.9386339694586617, 0.8863909613126285, 0.988234037261774, 1.0, 0.9578837114813779], [0.8429476289818824, 0.9220088733254935, 0.8214639345874011, 0.9451691614228613, 0.9578837114813779, 1.0]]}, {"name": 43, "matrix": [[1.0, 0.8781235760948722, 0.8393525758903677, 0.9065877440526268, 0.9058766921249624, 0.8117763619582167], [0.8781235760948722, 1.0, 0.9749026700399995, 0.8052357111232419, 0.8677633737673996, 0.7758557769685697], [0.8393525758903677, 0.9749026700399995, 1.0, 0.8049058071999627, 0.8494579762341352, 0.7345647382649332], [0.9065877440526268, 0.8052357111232419, 0.8049058071999627, 1.0, 0.9800834554801591, 0.9256921255519296], [0.9058766921249624, 0.8677633737673996, 0.8494579762341352, 0.9800834554801591, 1.0, 0.9285910465067381], [0.8117763619582167, 0.7758557769685697, 0.7345647382649332, 0.9256921255519296, 0.9285910465067381, 1.0]]}, {"name": 44, "matrix": [[1.0, 0.7626670081803288, 0.6953674897894682, 0.9519395868845375, 0.9552165419021035, 0.9083172264802639], [0.7626670081803288, 1.0, 0.9743217023675861, 0.6797619979848579, 0.7471053940427055, 0.6304944966464142], [0.6953674897894682, 0.9743217023675861, 1.0, 0.6270703486780923, 0.6805661932879706, 0.5439664845579744], [0.9519395868845375, 0.6797619979848579, 0.6270703486780923, 1.0, 0.9904143486712703, 0.9695291304827698], [0.9552165419021035, 0.7471053940427055, 0.6805661932879706, 0.9904143486712703, 1.0, 0.9641103314054893], [0.9083172264802639, 0.6304944966464142, 0.5439664845579744, 0.9695291304827698, 0.9641103314054893, 1.0]]}, {"name": 45, "matrix": [[1.0, 0.8771312962426724, 0.8504351497923199, 0.9806788977985245, 0.9796321825372103, 0.971300959493657], [0.8771312962426724, 1.0, 0.9897399015381209, 0.8546809069691775, 0.8920817068299068, 0.8641063715647052], [0.8504351497923199, 0.9897399015381209, 1.0, 0.8477861055929313, 0.8821283649722588, 0.8501496484859296], [0.9806788977985245, 0.8546809069691775, 0.8477861055929313, 1.0, 0.9948265095536798, 0.9899142465880229], [0.9796321825372103, 0.8920817068299068, 0.8821283649722588, 0.9948265095536798, 1.0, 0.9876777620397643], [0.971300959493657, 0.8641063715647052, 0.8501496484859296, 0.9899142465880229, 0.9876777620397643, 1.0]]}, {"name": 46, "matrix": [[1.0, 0.9648303078521174, 0.985117752777881, 0.9777270629494407, 0.988973594522138, 0.9784274449733452], [0.9648303078521174, 1.0, 0.9800854296645845, 0.9566763613398361, 0.9575070331243606, 0.9545124210353497], [0.985117752777881, 0.9800854296645845, 1.0, 0.9567168279755469, 0.9680219307453041, 0.9613679984891124], [0.9777270629494407, 0.9566763613398361, 0.9567168279755469, 1.0, 0.9949741587209164, 0.9919781680080011], [0.988973594522138, 0.9575070331243606, 0.9680219307453041, 0.9949741587209164, 1.0, 0.993095730384419], [0.9784274449733452, 0.9545124210353497, 0.9613679984891124, 0.9919781680080011, 0.993095730384419, 1.0]]}, {"name": 47, "matrix": [[1.0, 0.9804841423760134, 0.988381796888891, 0.9785648728699399, 0.9839991280676015, 0.9789704517398705], [0.9804841423760134, 1.0, 0.9624370329641707, 0.9863290845634689, 0.9662640064947692, 0.971209984624751], [0.988381796888891, 0.9624370329641707, 1.0, 0.9625592854891801, 0.9844765444399195, 0.9662755823712279], [0.9785648728699399, 0.9863290845634689, 0.9625592854891801, 1.0, 0.9829261995010037, 0.9919397633680175], [0.9839991280676015, 0.9662640064947692, 0.9844765444399195, 0.9829261995010037, 1.0, 0.9885868450892431], [0.9789704517398705, 0.971209984624751, 0.9662755823712279, 0.9919397633680175, 0.9885868450892431, 1.0]]}, {"name": 48, "matrix": [[1.0, 0.9805945273402464, 0.988462728216979, 0.9793571880657554, 0.9453823176560198, 0.9720090554971905], [0.9805945273402464, 1.0, 0.963926604038859, 0.9949375290982739, 0.940659403233126, 0.973195522574628], [0.988462728216979, 0.963926604038859, 1.0, 0.9620632994349801, 0.9504306997493686, 0.9594682427817725], [0.9793571880657554, 0.9949375290982739, 0.9620632994349801, 1.0, 0.9630148660277315, 0.9894580252296519], [0.9453823176560198, 0.940659403233126, 0.9504306997493686, 0.9630148660277315, 1.0, 0.977881750004201], [0.9720090554971905, 0.973195522574628, 0.9594682427817725, 0.9894580252296519, 0.977881750004201, 1.0]]}, {"name": 49, "matrix": [[1.0, 0.9803201483750432, 0.9711771427047884, 0.9704317115489296, 0.8914015191022268, 0.9546007726721978], [0.9803201483750432, 1.0, 0.9452153185926215, 0.989501808096358, 0.891425247578237, 0.9605776582617317], [0.9711771427047884, 0.9452153185926215, 1.0, 0.9139681352613365, 0.8242813717007182, 0.8898695015995157], [0.9704317115489296, 0.989501808096358, 0.9139681352613365, 1.0, 0.9416211390817124, 0.9880856581247628], [0.8914015191022268, 0.891425247578237, 0.8242813717007182, 0.9416211390817124, 1.0, 0.976941231515011], [0.9546007726721978, 0.9605776582617317, 0.8898695015995157, 0.9880856581247628, 0.976941231515011, 1.0]]}, {"name": 50, "matrix": [[1.0, 0.9396898508333204, 0.7467479297476587, 0.9390543696990832, 0.7402951868735568, 0.8976266842194257], [0.9396898508333204, 1.0, 0.822449121173836, 0.9606960951118224, 0.6689265664520726, 0.8655636830752462], [0.7467479297476587, 0.822449121173836, 1.0, 0.6693564809451684, 0.3234060745680682, 0.5275009586459447], [0.9390543696990832, 0.9606960951118224, 0.6693564809451684, 1.0, 0.8347511339389786, 0.9673134695307838], [0.7402951868735568, 0.6689265664520726, 0.3234060745680682, 0.8347511339389786, 1.0, 0.9443838061237091], [0.8976266842194257, 0.8655636830752462, 0.5275009586459447, 0.9673134695307838, 0.9443838061237091, 1.0]]}, {"name": 51, "matrix": [[1.0, 0.801756125462932, -0.09212787868875362, 0.8691491588260214, 0.6619387571886786, 0.8638075895810002], [0.801756125462932, 1.0, 0.28422713593521565, 0.8889743724469178, 0.45024287311158695, 0.7017944291860753], [-0.09212787868875362, 0.28422713593521565, 1.0, -0.14215139024667772, -0.4837434477870255, -0.3674019815135857], [0.8691491588260214, 0.8889743724469178, -0.14215139024667772, 1.0, 0.7847443889371403, 0.9411817971833808], [0.6619387571886786, 0.45024287311158695, -0.4837434477870255, 0.7847443889371403, 1.0, 0.9276745400272874], [0.8638075895810002, 0.7017944291860753, -0.3674019815135857, 0.9411817971833808, 0.9276745400272874, 1.0]]}, {"name": 52, "matrix": [[1.0, 0.9163064728037766, -0.11015603870114549, 0.9160197131831208, 0.8012983666925767, 0.918174612968481], [0.9163064728037766, 1.0, 0.05948967455477676, 0.9601585645436955, 0.7805609068585853, 0.9138917832835093], [-0.11015603870114549, 0.05948967455477676, 1.0, -0.18710826179470813, -0.34715680284102945, -0.2675878491491892], [0.9160197131831208, 0.9601585645436955, -0.18710826179470813, 1.0, 0.9100207203723315, 0.986755229073478], [0.8012983666925767, 0.7805609068585853, -0.34715680284102945, 0.9100207203723315, 1.0, 0.957231888441805], [0.918174612968481, 0.9138917832835093, -0.2675878491491892, 0.986755229073478, 0.957231888441805, 1.0]]}, {"name": 53, "matrix": [[1.0, 0.9145208270500231, -0.09397155252496972, 0.8990916415851709, 0.8250853279104681, 0.9145896203560252], [0.9145208270500231, 1.0, 0.025215439237762965, 0.9804785419322765, 0.9001684147670148, 0.9590315514483598], [-0.09397155252496972, 0.025215439237762965, 1.0, -0.1542236684255087, -0.2968825870857158, -0.22419680885556226], [0.8990916415851709, 0.9804785419322765, -0.1542236684255087, 1.0, 0.9626275176496843, 0.9920664441344459], [0.8250853279104681, 0.9001684147670148, -0.2968825870857158, 0.9626275176496843, 1.0, 0.977357606870173], [0.9145896203560252, 0.9590315514483598, -0.22419680885556226, 0.9920664441344459, 0.977357606870173, 1.0]]}, {"name": 54, "matrix": [[1.0, 0.8885874634233272, -0.0840054706388882, 0.8737998444012054, 0.8774213991760345, 0.9114721902529598], [0.8885874634233272, 1.0, -0.033013493872211565, 0.9843720293946991, 0.9230066315553209, 0.9692972389277629], [-0.0840054706388882, -0.033013493872211565, 1.0, -0.20243208987987601, -0.26481996427152427, -0.2527010119373688], [0.8737998444012054, 0.9843720293946991, -0.20243208987987601, 1.0, 0.9575006080080275, 0.9918667841220712], [0.8774213991760345, 0.9230066315553209, -0.26481996427152427, 0.9575006080080275, 1.0, 0.9705749077879147], [0.9114721902529598, 0.9692972389277629, -0.2527010119373688, 0.9918667841220712, 0.9705749077879147, 1.0]]}, {"name": 55, "matrix": [[1.0, 0.8844472463740833, 0.038004504041338254, 0.8793747380038114, 0.9088391392652255, 0.9259266935076795], [0.8844472463740833, 1.0, 0.1536628499026697, 0.9863442657295242, 0.9474355804492162, 0.9730072683212939], [0.038004504041338254, 0.1536628499026697, 1.0, 0.004866584976727194, 0.0805933069945128, -0.03517090053560995], [0.8793747380038114, 0.9863442657295242, 0.004866584976727194, 1.0, 0.9469566008385558, 0.9913732682320596], [0.9088391392652255, 0.9474355804492162, 0.0805933069945128, 0.9469566008385558, 1.0, 0.9495710925255271], [0.9259266935076795, 0.9730072683212939, -0.03517090053560995, 0.9913732682320596, 0.9495710925255271, 1.0]]}, {"name": 56, "matrix": [[1.0, 0.903808468585804, 0.6677832753565394, 0.8974911399709333, 0.9225130072021136, 0.9343289036838858], [0.903808468585804, 1.0, 0.6695472694687002, 0.9893782822324104, 0.9509153342989846, 0.9844919747162619], [0.6677832753565394, 0.6695472694687002, 1.0, 0.6269722611535343, 0.734614697453864, 0.6128344478898244], [0.8974911399709333, 0.9893782822324104, 0.6269722611535343, 1.0, 0.9545166803974294, 0.9930997484631869], [0.9225130072021136, 0.9509153342989846, 0.734614697453864, 0.9545166803974294, 1.0, 0.9521953607467756], [0.9343289036838858, 0.9844919747162619, 0.6128344478898244, 0.9930997484631869, 0.9521953607467756, 1.0]]}, {"name": 57, "matrix": [[1.0, 0.8345948327599513, 0.8691864991193224, 0.8202884745306928, 0.8605666775181517, 0.8693914777432199], [0.8345948327599513, 1.0, 0.8234640706438635, 0.9796887452520915, 0.9186452846970274, 0.9758389141886866], [0.8691864991193224, 0.8234640706438635, 1.0, 0.7594693648818122, 0.8901041669930135, 0.7780246029476353], [0.8202884745306928, 0.9796887452520915, 0.7594693648818122, 1.0, 0.924268997446674, 0.992156379313258], [0.8605666775181517, 0.9186452846970274, 0.8901041669930135, 0.924268997446674, 1.0, 0.9166643493200958], [0.8693914777432199, 0.9758389141886866, 0.7780246029476353, 0.992156379313258, 0.9166643493200958, 1.0]]}, {"name": 58, "matrix": [[1.0, 0.5837760333885892, 0.8113011551867582, 0.5795310064231819, 0.7656581738954653, 0.6802309746862779], [0.5837760333885892, 1.0, 0.780794984684224, 0.9352322387155367, 0.891931464869334, 0.9185650384153872], [0.8113011551867582, 0.780794984684224, 1.0, 0.603101898233887, 0.7855964964599439, 0.6585247420431097], [0.5795310064231819, 0.9352322387155367, 0.603101898233887, 1.0, 0.9016953263365238, 0.9838339583379925], [0.7656581738954653, 0.891931464869334, 0.7855964964599439, 0.9016953263365238, 1.0, 0.9075224649207864], [0.6802309746862779, 0.9185650384153872, 0.6585247420431097, 0.9838339583379925, 0.9075224649207864, 1.0]]}, {"name": 59, "matrix": [[1.0, 0.726451943568268, 0.8225967098488112, 0.681535266085745, 0.7903291373472862, 0.7756355745376817], [0.726451943568268, 1.0, 0.6240874418076171, 0.9077324503243455, 0.912556820374878, 0.8934236689552394], [0.8225967098488112, 0.6240874418076171, 1.0, 0.35749638521381905, 0.5784470802147558, 0.4288495998366902], [0.681535266085745, 0.9077324503243455, 0.35749638521381905, 1.0, 0.921987761155717, 0.981335031757176], [0.7903291373472862, 0.912556820374878, 0.57